 #      x        atan(x)        atan'(x)        atan'(x)        atan''(x)       atan''(x) 
       1.00           0.79            0.50            0.50           -0.66           -0.50
       1.01           0.79            0.49            0.49           -0.65           -0.49
       1.02           0.80            0.49            0.49           -0.65           -0.49
       1.03           0.80            0.48            0.48           -0.64           -0.48
       1.04           0.81            0.48            0.48           -0.63           -0.48
       1.05           0.81            0.47            0.47           -0.63           -0.47
       1.06           0.81            0.47            0.47           -0.62           -0.47
       1.07           0.82            0.46            0.46           -0.61           -0.46
       1.08           0.82            0.46            0.46           -0.61           -0.46
       1.09           0.83            0.45            0.45           -0.60           -0.45
       1.10           0.83            0.45            0.45           -0.59           -0.45
       1.11           0.84            0.44            0.45           -0.59           -0.44
       1.12           0.84            0.44            0.44           -0.58           -0.44
       1.13           0.85            0.43            0.44           -0.57           -0.43
       1.14           0.85            0.43            0.43           -0.56           -0.43
       1.15           0.86            0.43            0.43           -0.56           -0.42
       1.16           0.86            0.42            0.42           -0.55           -0.42
       1.17           0.86            0.42            0.42           -0.54           -0.41
       1.18           0.87            0.41            0.42           -0.54           -0.41
       1.19           0.87            0.41            0.41           -0.53           -0.41
       1.20           0.88            0.41            0.41           -0.53           -0.40
       1.21           0.88            0.40            0.40           -0.52           -0.40
       1.22           0.88            0.40            0.40           -0.51           -0.39
       1.23           0.89            0.39            0.40           -0.51           -0.39
       1.24           0.89            0.39            0.39           -0.50           -0.38
       1.25           0.90            0.39            0.39           -0.49           -0.38
       1.26           0.90            0.38            0.38           -0.49           -0.37
       1.27           0.90            0.38            0.38           -0.48           -0.37
       1.28           0.91            0.38            0.38           -0.47           -0.37
       1.29           0.91            0.37            0.37           -0.47           -0.36
       1.30           0.92            0.37            0.37           -0.46           -0.36
       1.31           0.92            0.36            0.37           -0.46           -0.35
       1.32           0.92            0.36            0.36           -0.45           -0.35
       1.33           0.93            0.36            0.36           -0.45           -0.34
       1.34           0.93            0.35            0.36           -0.44           -0.34
       1.35           0.93            0.35            0.35           -0.43           -0.34
       1.36           0.94            0.35            0.35           -0.43           -0.33
       1.37           0.94            0.34            0.35           -0.42           -0.33
       1.38           0.94            0.34            0.34           -0.42           -0.33
       1.39           0.95            0.34            0.34           -0.41           -0.32
       1.40           0.95            0.33            0.34           -0.41           -0.32
       1.41           0.95            0.33            0.33           -0.40           -0.31
       1.42           0.96            0.33            0.33           -0.40           -0.31
       1.43           0.96            0.33            0.33           -0.39           -0.31
       1.44           0.96            0.32            0.32           -0.39           -0.30
       1.45           0.97            0.32            0.32           -0.38           -0.30
       1.46           0.97            0.32            0.32           -0.38           -0.30
       1.47           0.97            0.31            0.31           -0.37           -0.29
       1.48           0.98            0.31            0.31           -0.37           -0.29
       1.49           0.98            0.31            0.31           -0.36           -0.29
       1.50           0.98            0.30            0.31           -0.36           -0.28
       1.51           0.99            0.30            0.30           -0.35           -0.28
       1.52           0.99            0.30            0.30           -0.35           -0.28
       1.53           0.99            0.30            0.30           -0.34           -0.27
       1.54           0.99            0.29            0.30           -0.34           -0.27
       1.55           1.00            0.29            0.29           -0.33           -0.27
       1.56           1.00            0.29            0.29           -0.33           -0.26
       1.57           1.00            0.29            0.29           -0.32           -0.26
       1.58           1.01            0.28            0.28           -0.32           -0.26
       1.59           1.01            0.28            0.28           -0.32           -0.25
       1.60           1.01            0.28            0.28           -0.31           -0.25
       1.61           1.01            0.28            0.28           -0.31           -0.25
       1.62           1.02            0.27            0.27           -0.30           -0.25
       1.63           1.02            0.27            0.27           -0.30           -0.24
       1.64           1.02            0.27            0.27           -0.30           -0.24
       1.65           1.03            0.27            0.27           -0.29           -0.24
       1.66           1.03            0.26            0.27           -0.29           -0.23
       1.67           1.03            0.26            0.26           -0.29           -0.23
       1.68           1.03            0.26            0.26           -0.28           -0.23
       1.69           1.04            0.26            0.26           -0.28           -0.23
       1.70           1.04            0.25            0.26           -0.27           -0.22
       1.71           1.04            0.25            0.25           -0.27           -0.22
       1.72           1.04            0.25            0.25           -0.27           -0.22
       1.73           1.05            0.25            0.25           -0.26           -0.22
       1.74           1.05            0.25            0.25           -0.26           -0.21
       1.75           1.05            0.24            0.25           -0.26           -0.21
       1.76           1.05            0.24            0.24           -0.25           -0.21
       1.77           1.06            0.24            0.24           -0.25           -0.21
       1.78           1.06            0.24            0.24           -0.25           -0.20
       1.79           1.06            0.24            0.24           -0.24           -0.20
       1.80           1.06            0.23            0.23           -0.24           -0.20
       1.81           1.07            0.23            0.23           -0.24           -0.20
       1.82           1.07            0.23            0.23           -0.24           -0.19
       1.83           1.07            0.23            0.23           -0.23           -0.19
       1.84           1.07            0.23            0.23           -0.23           -0.19
       1.85           1.08            0.22            0.23           -0.23           -0.19
       1.86           1.08            0.22            0.22           -0.22           -0.19
       1.87           1.08            0.22            0.22           -0.22           -0.18
       1.88           1.08            0.22            0.22           -0.22           -0.18
       1.89           1.08            0.22            0.22           -0.22           -0.18
       1.90           1.09            0.22            0.22           -0.21           -0.18
       1.91           1.09            0.21            0.21           -0.21           -0.18
       1.92           1.09            0.21            0.21           -0.21           -0.17
       1.93           1.09            0.21            0.21           -0.20           -0.17
       1.94           1.09            0.21            0.21           -0.20           -0.17
       1.95           1.10            0.21            0.21           -0.20           -0.17
       1.96           1.10            0.20            0.21           -0.20           -0.17
       1.97           1.10            0.20            0.20           -0.20           -0.16
       1.98           1.10            0.20            0.20           -0.19           -0.16
       1.99           1.11            0.20            0.20           -0.19           -0.16
       2.00           1.11            0.20            0.20           -0.19           -0.16
       2.01           1.11            0.20            0.20           -0.19           -0.16
       2.02           1.11            0.20            0.20           -0.18           -0.16
       2.03           1.11            0.19            0.19           -0.18           -0.15
       2.04           1.12            0.19            0.19           -0.18           -0.15
       2.05           1.12            0.19            0.19           -0.18           -0.15
       2.06           1.12            0.19            0.19           -0.18           -0.15
       2.07           1.12            0.19            0.19           -0.17           -0.15
       2.08           1.12            0.19            0.19           -0.17           -0.15
       2.09           1.12            0.18            0.19           -0.17           -0.14
       2.10           1.13            0.18            0.18           -0.17           -0.14
       2.11           1.13            0.18            0.18           -0.17           -0.14
       2.12           1.13            0.18            0.18           -0.16           -0.14
       2.13           1.13            0.18            0.18           -0.16           -0.14
       2.14           1.13            0.18            0.18           -0.16           -0.14
       2.15           1.14            0.18            0.18           -0.16           -0.14
       2.16           1.14            0.18            0.18           -0.16           -0.13
       2.17           1.14            0.17            0.17           -0.15           -0.13
       2.18           1.14            0.17            0.17           -0.15           -0.13
       2.19           1.14            0.17            0.17           -0.15           -0.13
       2.20           1.14            0.17            0.17           -0.15           -0.13
       2.21           1.15            0.17            0.17           -0.15           -0.13
       2.22           1.15            0.17            0.17           -0.15           -0.13
       2.23           1.15            0.17            0.17           -0.14           -0.12
       2.24           1.15            0.16            0.17           -0.14           -0.12
       2.25           1.15            0.16            0.16           -0.14           -0.12
       2.26           1.15            0.16            0.16           -0.14           -0.12
       2.27           1.16            0.16            0.16           -0.14           -0.12
       2.28           1.16            0.16            0.16           -0.14           -0.12
       2.29           1.16            0.16            0.16           -0.13           -0.12
       2.30           1.16            0.16            0.16           -0.13           -0.12
       2.31           1.16            0.16            0.16           -0.13           -0.11
       2.32           1.16            0.16            0.16           -0.13           -0.11
       2.33           1.17            0.15            0.15           -0.13           -0.11
       2.34           1.17            0.15            0.15           -0.13           -0.11
       2.35           1.17            0.15            0.15           -0.13           -0.11
       2.36           1.17            0.15            0.15           -0.12           -0.11
       2.37           1.17            0.15            0.15           -0.12           -0.11
       2.38           1.17            0.15            0.15           -0.12           -0.11
       2.39           1.17            0.15            0.15           -0.12           -0.11
       2.40           1.18            0.15            0.15           -0.12           -0.10
       2.41           1.18            0.15            0.15           -0.12           -0.10
       2.42           1.18            0.14            0.15           -0.12           -0.10
       2.43           1.18            0.14            0.14           -0.12           -0.10
       2.44           1.18            0.14            0.14           -0.11           -0.10
       2.45           1.18            0.14            0.14           -0.11           -0.10
       2.46           1.18            0.14            0.14           -0.11           -0.10
       2.47           1.19            0.14            0.14           -0.11           -0.10
       2.48           1.19            0.14            0.14           -0.11           -0.10
       2.49           1.19            0.14            0.14           -0.11           -0.10
       2.50           1.19            0.14            0.14           -0.11           -0.09
       2.51           1.19            0.14            0.14           -0.11           -0.09
       2.52           1.19            0.14            0.14           -0.10           -0.09
       2.53           1.19            0.13            0.13           -0.10           -0.09
       2.54           1.20            0.13            0.13           -0.10           -0.09
       2.55           1.20            0.13            0.13           -0.10           -0.09
       2.56           1.20            0.13            0.13           -0.10           -0.09
       2.57           1.20            0.13            0.13           -0.10           -0.09
       2.58           1.20            0.13            0.13           -0.10           -0.09
       2.59           1.20            0.13            0.13           -0.10           -0.09
       2.60           1.20            0.13            0.13           -0.10           -0.09
       2.61           1.20            0.13            0.13           -0.10           -0.09
       2.62           1.21            0.13            0.13           -0.09           -0.08
       2.63           1.21            0.13            0.13           -0.09           -0.08
       2.64           1.21            0.12            0.13           -0.09           -0.08
       2.65           1.21            0.12            0.12           -0.09           -0.08
       2.66           1.21            0.12            0.12           -0.09           -0.08
       2.67           1.21            0.12            0.12           -0.09           -0.08
       2.68           1.21            0.12            0.12           -0.09           -0.08
       2.69           1.21            0.12            0.12           -0.09           -0.08
       2.70           1.22            0.12            0.12           -0.09           -0.08
       2.71           1.22            0.12            0.12           -0.09           -0.08
       2.72           1.22            0.12            0.12           -0.09           -0.08
       2.73           1.22            0.12            0.12           -0.08           -0.08
       2.74           1.22            0.12            0.12           -0.08           -0.08
       2.75           1.22            0.12            0.12           -0.08           -0.07
       2.76           1.22            0.12            0.12           -0.08           -0.07
       2.77           1.22            0.11            0.11           -0.08           -0.07
       2.78           1.23            0.11            0.11           -0.08           -0.07
       2.79           1.23            0.11            0.11           -0.08           -0.07
       2.80           1.23            0.11            0.11           -0.08           -0.07
       2.81           1.23            0.11            0.11           -0.08           -0.07
       2.82           1.23            0.11            0.11           -0.08           -0.07
       2.83           1.23            0.11            0.11           -0.08           -0.07
       2.84           1.23            0.11            0.11           -0.08           -0.07
       2.85           1.23            0.11            0.11           -0.08           -0.07
       2.86           1.23            0.11            0.11           -0.07           -0.07
       2.87           1.24            0.11            0.11           -0.07           -0.07
       2.88           1.24            0.11            0.11           -0.07           -0.07
       2.89           1.24            0.11            0.11           -0.07           -0.07
       2.90           1.24            0.11            0.11           -0.07           -0.07
       2.91           1.24            0.10            0.11           -0.07           -0.06
       2.92           1.24            0.10            0.10           -0.07           -0.06
       2.93           1.24            0.10            0.10           -0.07           -0.06
       2.94           1.24            0.10            0.10           -0.07           -0.06
       2.95           1.24            0.10            0.10           -0.07           -0.06
       2.96           1.24            0.10            0.10           -0.07           -0.06
       2.97           1.25            0.10            0.10           -0.07           -0.06
       2.98           1.25            0.10            0.10           -0.07           -0.06
       2.99           1.25            0.10            0.10           -0.07           -0.06
       3.00           1.25            0.10            0.10           -0.07           -0.06
       3.01           1.25            0.10            0.10           -0.06           -0.06
       3.02           1.25            0.10            0.10           -0.06           -0.06
       3.03           1.25            0.10            0.10           -0.06           -0.06
       3.04           1.25            0.10            0.10           -0.06           -0.06
       3.05           1.25            0.10            0.10           -0.06           -0.06
       3.06           1.25            0.10            0.10           -0.06           -0.06
       3.07           1.26            0.10            0.10           -0.06           -0.06
       3.08           1.26            0.09            0.10           -0.06           -0.06
       3.09           1.26            0.09            0.09           -0.06           -0.06
       3.10           1.26            0.09            0.09           -0.06           -0.05
       3.11           1.26            0.09            0.09           -0.06           -0.05
       3.12           1.26            0.09            0.09           -0.06           -0.05
       3.13           1.26            0.09            0.09           -0.06           -0.05
       3.14           1.26            0.09            0.09           -0.06           -0.05
       3.15           1.26            0.09            0.09           -0.06           -0.05
       3.16           1.26            0.09            0.09           -0.06           -0.05
       3.17           1.27            0.09            0.09           -0.06           -0.05
       3.18           1.27            0.09            0.09           -0.06           -0.05
       3.19           1.27            0.09            0.09           -0.06           -0.05
       3.20           1.27            0.09            0.09           -0.05           -0.05
       3.21           1.27            0.09            0.09           -0.05           -0.05
       3.22           1.27            0.09            0.09           -0.05           -0.05
       3.23           1.27            0.09            0.09           -0.05           -0.05
       3.24           1.27            0.09            0.09           -0.05           -0.05
       3.25           1.27            0.09            0.09           -0.05           -0.05
       3.26           1.27            0.09            0.09           -0.05           -0.05
       3.27           1.27            0.09            0.09           -0.05           -0.05
       3.28           1.27            0.08            0.08           -0.05           -0.05
       3.29           1.28            0.08            0.08           -0.05           -0.05
       3.30           1.28            0.08            0.08           -0.05           -0.05
       3.31           1.28            0.08            0.08           -0.05           -0.05
       3.32           1.28            0.08            0.08           -0.05           -0.05
       3.33           1.28            0.08            0.08           -0.05           -0.05
       3.34           1.28            0.08            0.08           -0.05           -0.05
       3.35           1.28            0.08            0.08           -0.05           -0.04
       3.36           1.28            0.08            0.08           -0.05           -0.04
       3.37           1.28            0.08            0.08           -0.05           -0.04
       3.38           1.28            0.08            0.08           -0.05           -0.04
       3.39           1.28            0.08            0.08           -0.05           -0.04
       3.40           1.28            0.08            0.08           -0.05           -0.04
       3.41           1.29            0.08            0.08           -0.05           -0.04
       3.42           1.29            0.08            0.08           -0.05           -0.04
       3.43           1.29            0.08            0.08           -0.05           -0.04
       3.44           1.29            0.08            0.08           -0.04           -0.04
       3.45           1.29            0.08            0.08           -0.04           -0.04
       3.46           1.29            0.08            0.08           -0.04           -0.04
       3.47           1.29            0.08            0.08           -0.04           -0.04
       3.48           1.29            0.08            0.08           -0.04           -0.04
       3.49           1.29            0.08            0.08           -0.04           -0.04
       3.50           1.29            0.08            0.08           -0.04           -0.04
       3.51           1.29            0.07            0.07           -0.04           -0.04
       3.52           1.29            0.07            0.07           -0.04           -0.04
       3.53           1.29            0.07            0.07           -0.04           -0.04
       3.54           1.30            0.07            0.07           -0.04           -0.04
       3.55           1.30            0.07            0.07           -0.04           -0.04
       3.56           1.30            0.07            0.07           -0.04           -0.04
       3.57           1.30            0.07            0.07           -0.04           -0.04
       3.58           1.30            0.07            0.07           -0.04           -0.04
       3.59           1.30            0.07            0.07           -0.04           -0.04
       3.60           1.30            0.07            0.07           -0.04           -0.04
       3.61           1.30            0.07            0.07           -0.04           -0.04
       3.62           1.30            0.07            0.07           -0.04           -0.04
       3.63           1.30            0.07            0.07           -0.04           -0.04
       3.64           1.30            0.07            0.07           -0.04           -0.04
       3.65           1.30            0.07            0.07           -0.04           -0.04
       3.66           1.30            0.07            0.07           -0.04           -0.04
       3.67           1.30            0.07            0.07           -0.04           -0.03
       3.68           1.31            0.07            0.07           -0.04           -0.03
       3.69           1.31            0.07            0.07           -0.04           -0.03
       3.70           1.31            0.07            0.07           -0.04           -0.03
       3.71           1.31            0.07            0.07           -0.04           -0.03
       3.72           1.31            0.07            0.07           -0.04           -0.03
       3.73           1.31            0.07            0.07           -0.04           -0.03
       3.74           1.31            0.07            0.07           -0.04           -0.03
       3.75           1.31            0.07            0.07           -0.03           -0.03
       3.76           1.31            0.07            0.07           -0.03           -0.03
       3.77           1.31            0.07            0.07           -0.03           -0.03
       3.78           1.31            0.07            0.07           -0.03           -0.03
       3.79           1.31            0.06            0.06           -0.03           -0.03
       3.80           1.31            0.06            0.06           -0.03           -0.03
       3.81           1.31            0.06            0.06           -0.03           -0.03
       3.82           1.31            0.06            0.06           -0.03           -0.03
       3.83           1.32            0.06            0.06           -0.03           -0.03
       3.84           1.32            0.06            0.06           -0.03           -0.03
       3.85           1.32            0.06            0.06           -0.03           -0.03
       3.86           1.32            0.06            0.06           -0.03           -0.03
       3.87           1.32            0.06            0.06           -0.03           -0.03
       3.88           1.32            0.06            0.06           -0.03           -0.03
       3.89           1.32            0.06            0.06           -0.03           -0.03
       3.90           1.32            0.06            0.06           -0.03           -0.03
       3.91           1.32            0.06            0.06           -0.03           -0.03
       3.92           1.32            0.06            0.06           -0.03           -0.03
       3.93           1.32            0.06            0.06           -0.03           -0.03
       3.94           1.32            0.06            0.06           -0.03           -0.03
       3.95           1.32            0.06            0.06           -0.03           -0.03
       3.96           1.32            0.06            0.06           -0.03           -0.03
       3.97           1.32            0.06            0.06           -0.03           -0.03
       3.98           1.32            0.06            0.06           -0.03           -0.03
       3.99           1.33            0.06            0.06           -0.03           -0.03
       4.00           1.33            0.06            0.06           -0.03           -0.03
       4.01           1.33            0.06            0.06           -0.03           -0.03
       4.02           1.33            0.06            0.06           -0.03           -0.03
       4.03           1.33            0.06            0.06           -0.03           -0.03
       4.04           1.33            0.06            0.06           -0.03           -0.03
       4.05           1.33            0.06            0.06           -0.03           -0.03
       4.06           1.33            0.06            0.06           -0.03           -0.03
       4.07           1.33            0.06            0.06           -0.03           -0.03
       4.08           1.33            0.06            0.06           -0.03           -0.03
       4.09           1.33            0.06            0.06           -0.03           -0.03
       4.10           1.33            0.06            0.06           -0.03           -0.03
       4.11           1.33            0.06            0.06           -0.03           -0.03
       4.12           1.33            0.06            0.06           -0.03           -0.03
       4.13           1.33            0.06            0.06           -0.03           -0.03
       4.14           1.33            0.05            0.06           -0.03           -0.03
       4.15           1.33            0.05            0.05           -0.03           -0.02
       4.16           1.33            0.05            0.05           -0.03           -0.02
       4.17           1.34            0.05            0.05           -0.03           -0.02
       4.18           1.34            0.05            0.05           -0.03           -0.02
       4.19           1.34            0.05            0.05           -0.03           -0.02
       4.20           1.34            0.05            0.05           -0.03           -0.02
       4.21           1.34            0.05            0.05           -0.03           -0.02
       4.22           1.34            0.05            0.05           -0.02           -0.02
       4.23           1.34            0.05            0.05           -0.02           -0.02
       4.24           1.34            0.05            0.05           -0.02           -0.02
       4.25           1.34            0.05            0.05           -0.02           -0.02
       4.26           1.34            0.05            0.05           -0.02           -0.02
       4.27           1.34            0.05            0.05           -0.02           -0.02
       4.28           1.34            0.05            0.05           -0.02           -0.02
       4.29           1.34            0.05            0.05           -0.02           -0.02
       4.30           1.34            0.05            0.05           -0.02           -0.02
       4.31           1.34            0.05            0.05           -0.02           -0.02
       4.32           1.34            0.05            0.05           -0.02           -0.02
       4.33           1.34            0.05            0.05           -0.02           -0.02
       4.34           1.34            0.05            0.05           -0.02           -0.02
       4.35           1.34            0.05            0.05           -0.02           -0.02
       4.36           1.35            0.05            0.05           -0.02           -0.02
       4.37           1.35            0.05            0.05           -0.02           -0.02
       4.38           1.35            0.05            0.05           -0.02           -0.02
       4.39           1.35            0.05            0.05           -0.02           -0.02
       4.40           1.35            0.05            0.05           -0.02           -0.02
       4.41           1.35            0.05            0.05           -0.02           -0.02
       4.42           1.35            0.05            0.05           -0.02           -0.02
       4.43           1.35            0.05            0.05           -0.02           -0.02
       4.44           1.35            0.05            0.05           -0.02           -0.02
       4.45           1.35            0.05            0.05           -0.02           -0.02
       4.46           1.35            0.05            0.05           -0.02           -0.02
       4.47           1.35            0.05            0.05           -0.02           -0.02
       4.48           1.35            0.05            0.05           -0.02           -0.02
       4.49           1.35            0.05            0.05           -0.02           -0.02
       4.50           1.35            0.05            0.05           -0.02           -0.02
       4.51           1.35            0.05            0.05           -0.02           -0.02
       4.52           1.35            0.05            0.05           -0.02           -0.02
       4.53           1.35            0.05            0.05           -0.02           -0.02
       4.54           1.35            0.05            0.05           -0.02           -0.02
       4.55           1.35            0.05            0.05           -0.02           -0.02
       4.56           1.35            0.05            0.05           -0.02           -0.02
       4.57           1.36            0.05            0.05           -0.02           -0.02
       4.58           1.36            0.05            0.05           -0.02           -0.02
       4.59           1.36            0.05            0.05           -0.02           -0.02
       4.60           1.36            0.04            0.05           -0.02           -0.02
       4.61           1.36            0.04            0.04           -0.02           -0.02
       4.62           1.36            0.04            0.04           -0.02           -0.02
       4.63           1.36            0.04            0.04           -0.02           -0.02
       4.64           1.36            0.04            0.04           -0.02           -0.02
       4.65           1.36            0.04            0.04           -0.02           -0.02
       4.66           1.36            0.04            0.04           -0.02           -0.02
       4.67           1.36            0.04            0.04           -0.02           -0.02
       4.68           1.36            0.04            0.04           -0.02           -0.02
       4.69           1.36            0.04            0.04           -0.02           -0.02
       4.70           1.36            0.04            0.04           -0.02           -0.02
       4.71           1.36            0.04            0.04           -0.02           -0.02
       4.72           1.36            0.04            0.04           -0.02           -0.02
       4.73           1.36            0.04            0.04           -0.02           -0.02
       4.74           1.36            0.04            0.04           -0.02           -0.02
       4.75           1.36            0.04            0.04           -0.02           -0.02
       4.76           1.36            0.04            0.04           -0.02           -0.02
       4.77           1.36            0.04            0.04           -0.02           -0.02
       4.78           1.36            0.04            0.04           -0.02           -0.02
       4.79           1.36            0.04            0.04           -0.02           -0.02
       4.80           1.37            0.04            0.04           -0.02           -0.02
       4.81           1.37            0.04            0.04           -0.02           -0.02
       4.82           1.37            0.04            0.04           -0.02           -0.02
       4.83           1.37            0.04            0.04           -0.02           -0.02
       4.84           1.37            0.04            0.04           -0.02           -0.02
       4.85           1.37            0.04            0.04           -0.02           -0.02
       4.86           1.37            0.04            0.04           -0.02           -0.02
       4.87           1.37            0.04            0.04           -0.02           -0.02
       4.88           1.37            0.04            0.04           -0.02           -0.02
       4.89           1.37            0.04            0.04           -0.02           -0.02
       4.90           1.37            0.04            0.04           -0.02           -0.02
       4.91           1.37            0.04            0.04           -0.02           -0.02
       4.92           1.37            0.04            0.04           -0.02           -0.02
       4.93           1.37            0.04            0.04           -0.02           -0.02
       4.94           1.37            0.04            0.04           -0.02           -0.02
       4.95           1.37            0.04            0.04           -0.02           -0.02
       4.96           1.37            0.04            0.04           -0.02           -0.02
       4.97           1.37            0.04            0.04           -0.02           -0.02
       4.98           1.37            0.04            0.04           -0.02           -0.01
       4.99           1.37            0.04            0.04           -0.02           -0.01
       5.00           1.37            0.04            0.04           -0.02           -0.01
       5.01           1.37            0.04            0.04           -0.02           -0.01
       5.02           1.37            0.04            0.04           -0.02           -0.01
       5.03           1.37            0.04            0.04           -0.02           -0.01
       5.04           1.37            0.04            0.04           -0.01           -0.01
       5.05           1.38            0.04            0.04           -0.01           -0.01
       5.06           1.38            0.04            0.04           -0.01           -0.01
       5.07           1.38            0.04            0.04           -0.01           -0.01
       5.08           1.38            0.04            0.04           -0.01           -0.01
       5.09           1.38            0.04            0.04           -0.01           -0.01
       5.10           1.38            0.04            0.04           -0.01           -0.01
       5.11           1.38            0.04            0.04           -0.01           -0.01
       5.12           1.38            0.04            0.04           -0.01           -0.01
       5.13           1.38            0.04            0.04           -0.01           -0.01
       5.14           1.38            0.04            0.04           -0.01           -0.01
       5.15           1.38            0.04            0.04           -0.01           -0.01
       5.16           1.38            0.04            0.04           -0.01           -0.01
       5.17           1.38            0.04            0.04           -0.01           -0.01
       5.18           1.38            0.04            0.04           -0.01           -0.01
       5.19           1.38            0.04            0.04           -0.01           -0.01
       5.20           1.38            0.04            0.04           -0.01           -0.01
       5.21           1.38            0.04            0.04           -0.01           -0.01
       5.22           1.38            0.04            0.04           -0.01           -0.01
       5.23           1.38            0.04            0.04           -0.01           -0.01
       5.24           1.38            0.04            0.04           -0.01           -0.01
       5.25           1.38            0.03            0.03           -0.01           -0.01
       5.26           1.38            0.03            0.03           -0.01           -0.01
       5.27           1.38            0.03            0.03           -0.01           -0.01
       5.28           1.38            0.03            0.03           -0.01           -0.01
       5.29           1.38            0.03            0.03           -0.01           -0.01
       5.30           1.38            0.03            0.03           -0.01           -0.01
       5.31           1.38            0.03            0.03           -0.01           -0.01
       5.32           1.38            0.03            0.03           -0.01           -0.01
       5.33           1.39            0.03            0.03           -0.01           -0.01
       5.34           1.39            0.03            0.03           -0.01           -0.01
       5.35           1.39            0.03            0.03           -0.01           -0.01
       5.36           1.39            0.03            0.03           -0.01           -0.01
       5.37           1.39            0.03            0.03           -0.01           -0.01
       5.38           1.39            0.03            0.03           -0.01           -0.01
       5.39           1.39            0.03            0.03           -0.01           -0.01
       5.40           1.39            0.03            0.03           -0.01           -0.01
       5.41           1.39            0.03            0.03           -0.01           -0.01
       5.42           1.39            0.03            0.03           -0.01           -0.01
       5.43           1.39            0.03            0.03           -0.01           -0.01
       5.44           1.39            0.03            0.03           -0.01           -0.01
       5.45           1.39            0.03            0.03           -0.01           -0.01
       5.46           1.39            0.03            0.03           -0.01           -0.01
       5.47           1.39            0.03            0.03           -0.01           -0.01
       5.48           1.39            0.03            0.03           -0.01           -0.01
       5.49           1.39            0.03            0.03           -0.01           -0.01
       5.50           1.39            0.03            0.03           -0.01           -0.01
       5.51           1.39            0.03            0.03           -0.01           -0.01
       5.52           1.39            0.03            0.03           -0.01           -0.01
       5.53           1.39            0.03            0.03           -0.01           -0.01
       5.54           1.39            0.03            0.03           -0.01           -0.01
       5.55           1.39            0.03            0.03           -0.01           -0.01
       5.56           1.39            0.03            0.03           -0.01           -0.01
       5.57           1.39            0.03            0.03           -0.01           -0.01
       5.58           1.39            0.03            0.03           -0.01           -0.01
       5.59           1.39            0.03            0.03           -0.01           -0.01
       5.60           1.39            0.03            0.03           -0.01           -0.01
       5.61           1.39            0.03            0.03           -0.01           -0.01
       5.62           1.39            0.03            0.03           -0.01           -0.01
       5.63           1.40            0.03            0.03           -0.01           -0.01
       5.64           1.40            0.03            0.03           -0.01           -0.01
       5.65           1.40            0.03            0.03           -0.01           -0.01
       5.66           1.40            0.03            0.03           -0.01           -0.01
       5.67           1.40            0.03            0.03           -0.01           -0.01
       5.68           1.40            0.03            0.03           -0.01           -0.01
       5.69           1.40            0.03            0.03           -0.01           -0.01
       5.70           1.40            0.03            0.03           -0.01           -0.01
       5.71           1.40            0.03            0.03           -0.01           -0.01
       5.72           1.40            0.03            0.03           -0.01           -0.01
       5.73           1.40            0.03            0.03           -0.01           -0.01
       5.74           1.40            0.03            0.03           -0.01           -0.01
       5.75           1.40            0.03            0.03           -0.01           -0.01
       5.76           1.40            0.03            0.03           -0.01           -0.01
       5.77           1.40            0.03            0.03           -0.01           -0.01
       5.78           1.40            0.03            0.03           -0.01           -0.01
       5.79           1.40            0.03            0.03           -0.01           -0.01
       5.80           1.40            0.03            0.03           -0.01           -0.01
       5.81           1.40            0.03            0.03           -0.01           -0.01
       5.82           1.40            0.03            0.03           -0.01           -0.01
       5.83           1.40            0.03            0.03           -0.01           -0.01
       5.84           1.40            0.03            0.03           -0.01           -0.01
       5.85           1.40            0.03            0.03           -0.01           -0.01
       5.86           1.40            0.03            0.03           -0.01           -0.01
       5.87           1.40            0.03            0.03           -0.01           -0.01
       5.88           1.40            0.03            0.03           -0.01           -0.01
       5.89           1.40            0.03            0.03           -0.01           -0.01
       5.90           1.40            0.03            0.03           -0.01           -0.01
       5.91           1.40            0.03            0.03           -0.01           -0.01
       5.92           1.40            0.03            0.03           -0.01           -0.01
       5.93           1.40            0.03            0.03           -0.01           -0.01
       5.94           1.40            0.03            0.03           -0.01           -0.01
       5.95           1.40            0.03            0.03           -0.01           -0.01
       5.96           1.40            0.03            0.03           -0.01           -0.01
       5.97           1.40            0.03            0.03           -0.01           -0.01
       5.98           1.41            0.03            0.03           -0.01           -0.01
       5.99           1.41            0.03            0.03           -0.01           -0.01
